t0	tf	lft
298	509	212
486	486	1
38	333	296
57	203	147
140	483	344
102	299	198
266	276	11
331	332	2
179	382	204
248	291	44
46	397	352
294	527	234
83	94	12
7	111	105
133	496	364
57	179	123
55	318	264
185	519	335
236	353	118
378	524	147
102	336	235
19	232	214
132	144	13
223	529	307
103	108	6
383	383	1
35	362	328
203	498	296
240	343	104
9	327	319
483	522	40
298	431	134
385	437	53
104	467	364
150	485	336
172	505	334
129	378	250
6	341	336
50	106	57
103	283	181
271	272	2
34	266	233
121	245	125
28	271	244
8	199	192
8	179	172
19	88	70
4	267	264
57	117	61
15	183	169
90	112	23
25	125	101
1	292	292
9	276	268
27	61	35
60	60	1
95	205	111
2	287	286
222	230	9
3	150	148
1	165	165
42	289	248
119	119	1
158	299	142
35	40	6
215	215	1
39	246	208
38	284	247
2	283	282
158	293	136
3	221	219
8	283	276
0	294	295
6	285	280
27	243	217
375	432	58
170	488	319
4	367	364
269	545	277
104	279	176
298	603	306
500	551	52
216	371	156
324	539	216
87	87	1
265	442	178
100	465	366
87	130	44
41	41	1
399	406	8
223	563	341
18	123	106
257	620	364
266	285	20
34	125	92
298	490	193
47	234	188
55	266	212
131	494	364
329	508	180
502	503	2
349	470	122
52	91	40
31	161	131
210	218	9
109	118	10
31	382	352
50	50	1
12	287	276
259	475	217
302	603	302
131	434	304
62	411	350
118	272	155
517	518	2
64	64	1
107	158	52
38	39	2
215	559	345
39	69	31
417	418	2
91	342	252
110	277	168
68	228	161
353	416	64
19	27	9
426	622	197
19	245	227
427	454	28
371	403	33
203	330	128
252	440	189
56	56	1
178	416	239
62	141	80
312	455	144
137	137	1
77	342	266
204	204	1
30	96	67
171	234	64
20	186	167
10	111	102
181	430	250
84	175	92
126	383	258
213	336	124
15	376	362
551	551	1
245	371	127
69	381	313
549	587	39
0	0	1
314	314	1
8	181	174
258	384	127
215	469	255
3	53	51
366	373	8
127	127	1
333	355	23
394	453	60
215	427	213
102	266	165
278	313	36
353	444	92
188	324	137
30	62	33
516	587	72
330	460	131
123	342	220
593	596	4
251	251	1
8	8	1
169	170	2
15	257	243
91	431	341
104	320	217
27	302	276
31	237	207
113	243	131
413	414	2
249	391	143
53	53	1
177	348	172
8	251	244
304	367	64
242	377	136
82	371	290
18	378	361
188	229	42
73	277	205
46	126	81
43	227	185
251	453	203
447	447	1
74	433	360
0	222	223
25	284	260
46	349	304
53	391	339
17	118	102
117	396	280
100	453	354
236	367	132
94	361	268
12	220	209
50	312	263
152	434	283
77	327	251
389	515	127
103	276	174
141	188	48
111	141	31
164	516	353
31	39	9
271	572	302
398	500	103
370	584	215
88	262	175
27	376	350
613	635	23
2	232	231
118	202	85
462	584	123
416	500	85
43	347	305
244	313	70
186	186	1
330	331	2
619	620	2
321	581	261
253	294	42
254	582	329
186	539	354
125	196	72
89	393	305
242	242	1
238	588	351
90	191	102
195	365	171
134	327	194
450	477	28
402	425	24
124	131	8
143	337	195
330	618	289
139	278	140
296	574	279
169	368	200
240	504	265
244	529	286
186	189	4
78	339	262
240	421	182
428	602	175
188	216	29
294	409	116
251	582	332
282	411	130
348	497	150
415	452	38
350	459	110
430	629	200
40	200	161
128	478	351
36	274	239
383	552	170
563	572	10
53	53	1
67	426	360
249	357	109
453	609	157
25	35	11
414	480	67
148	155	8
243	548	306
169	169	1
275	299	25
106	114	9
62	88	27
139	167	29
137	435	299
83	84	2
98	103	6
17	94	78
14	150	137
98	98	1
460	494	35
108	423	316
157	157	1
132	459	328
479	496	18
49	77	29
464	492	29
82	366	285
94	102	9
4	114	111
10	139	130
148	420	273
31	36	6
167	168	2
461	479	19
333	350	18
371	399	29
136	136	1
94	115	22
103	103	1
630	630	1
297	298	2
60	164	105
311	375	65
101	115	15
349	385	37
97	448	352
227	505	279
27	319	293
263	383	121
228	325	98
196	547	352
395	599	205
369	566	198
353	563	211
46	221	176
12	173	162
87	238	152
395	412	18
473	544	72
176	333	158
475	614	140
94	363	270
15	333	319
409	567	159
66	71	6
324	636	313
208	209	2
460	550	91
32	62	31
164	239	76
404	527	124
377	607	231
453	612	160
97	332	236
127	208	82
462	517	56
458	461	4
49	291	243
367	404	38
454	534	81
40	227	188
256	287	32
430	579	150
92	231	140
179	328	150
172	177	6
13	123	111
46	328	283
66	292	227
172	368	197
143	415	273
11	292	282
1	332	332
136	488	353
171	187	17
193	448	256
564	564	1
58	177	120
97	178	82
29	130	102
52	384	333
1	210	210
167	210	44
185	427	243
106	237	132
62	337	276
26	314	289
92	205	114
28	267	240
35	311	277
221	273	53
90	98	9
44	356	313
104	281	178
231	581	351
44	284	241
341	510	170
422	569	148
111	144	34
540	543	4
21	256	236
118	172	55
51	415	365
221	262	42
396	570	175
488	583	96
455	584	130
75	314	240
382	461	80
87	377	291
290	294	5
229	532	304
356	530	175
39	388	350
133	378	246
13	148	136
286	578	293
206	244	39
362	488	127
399	540	142
11	17	7
32	103	72
74	181	108
98	181	84
22	44	23
612	613	2
25	42	18
53	188	136
60	145	86
593	593	1
142	163	22
144	494	351
577	637	61
598	619	22
244	593	350
28	158	131
21	173	153
136	171	36
25	26	2
6	12	7
41	116	76
3	127	125
57	149	93
15	116	102
472	565	94
139	140	2
250	488	239
133	282	150
209	409	201
14	126	113
155	515	361
397	399	3
100	202	103
527	618	92
170	533	364
423	633	211
394	396	3
8	67	60
43	103	61
278	632	355
292	302	11
279	499	221
52	369	318
146	146	1
261	300	40
404	473	70
91	377	287
113	128	16
310	466	157
234	400	167
238	590	353
499	604	106
465	637	173
469	473	5
290	589	300
458	538	81
74	260	187
111	390	280
123	132	10
175	482	308
55	57	3
141	327	187
275	638	364
494	518	25
259	314	56
87	88	2
293	429	137
311	544	234
175	443	269
558	558	1
180	371	192
327	327	1
494	534	41
80	310	231
88	90	3
70	186	117
124	343	220
140	502	363
591	606	16
632	632	1
141	425	285
313	454	142
370	416	47
181	425	245
70	412	343
172	528	357
121	121	1
78	84	7
275	570	296
145	151	7
340	342	3
382	417	36
462	487	26
52	383	332
102	158	57
614	626	13
81	255	175
102	105	4
586	588	3
391	507	117
84	346	263
99	457	359
396	396	1
203	568	366
199	478	280
90	117	28
585	589	5
467	472	6
99	99	1
145	452	308
216	396	181
95	453	359
108	108	1
123	327	205
487	496	10
416	537	122
270	308	39
558	635	78
179	186	8
1	337	337
235	322	88
43	275	233
203	492	290
161	180	20
24	280	257
125	331	207
81	305	225
435	559	125
313	628	316
3	285	283
116	391	276
126	357	232
42	280	239
81	350	270
290	348	59
3	126	124
77	375	299
623	623	1
346	368	23
249	284	36
68	305	238
181	350	170
263	314	52
90	368	279
45	375	331
96	97	2
19	376	358
23	290	268
270	351	82
616	630	15
133	376	244
214	322	109
46	359	314
104	365	262
44	64	21
214	322	109
87	374	288
267	368	102
186	367	182
370	370	1
40	311	272
28	313	286
103	361	259
174	375	202
124	132	9
304	304	1
76	313	238
45	46	2
192	228	37
369	543	175
88	373	286
375	375	1
501	510	10
185	522	338
471	471	1
465	479	15
74	74	1
67	353	287
97	153	57
42	230	189
487	489	3
279	279	1
356	360	5
284	472	189
458	585	128
376	390	15
96	143	48
229	230	2
65	142	78
570	587	18
370	452	83
172	505	334
311	369	59
38	277	240
471	474	4
56	259	204
290	607	318
214	218	5
572	634	63
174	202	29
96	108	13
384	531	148
217	542	326
120	436	317
469	502	34
496	507	12
318	599	282
283	577	295
403	445	43
121	121	1
360	390	31
96	335	240
431	570	140
126	441	316
31	53	23
579	600	22
426	467	42
174	506	333
383	545	163
134	182	49
40	40	1
619	623	5
316	544	229
473	473	1
210	238	29
333	470	138
374	578	205
151	311	161
207	437	231
245	588	344
343	367	25
319	319	1
137	479	343
423	431	9
40	87	48
270	460	191
329	354	26
324	324	1
207	258	52
186	235	50
35	239	205
60	214	155
182	477	296
5	228	224
598	608	11
253	492	240
64	235	172
427	591	165
497	580	84
93	331	239
443	631	189
291	628	338
228	229	2
92	128	37
183	464	282
142	142	1
178	433	256
424	536	113
451	601	151
425	594	170
79	255	177
185	268	84
63	68	6
142	142	1
0	271	272
196	546	351
271	571	301
231	511	281
340	347	8
337	338	2
437	442	6
173	173	1
346	508	163
136	356	221
136	306	171
363	622	260
377	630	254
190	202	13
115	283	169
265	313	49
220	551	332
462	556	95
173	173	1
107	446	340
111	391	281
65	366	302
110	465	356
53	332	280
551	586	36
95	139	45
249	585	337
425	516	92
27	285	259
67	288	222
125	465	341
112	335	224
19	182	164
101	390	290
55	370	316
207	402	196
184	367	184
241	536	296
124	278	155
12	107	96
279	290	12
59	407	349
21	357	337
86	357	272
65	333	269
234	507	274
24	75	52
360	463	104
24	82	59
398	424	27
333	536	204
55	146	92
124	168	45
76	291	216
306	440	135
199	301	103
479	501	23
88	305	218
56	63	8
416	418	3
29	34	6
78	427	350
41	398	358
143	159	17
61	171	111
139	504	366
43	400	358
504	504	1
11	356	346
62	370	309
131	374	244
420	445	26
437	500	64
101	164	64
61	151	91
40	396	357
18	329	312
74	131	58
270	270	1
493	493	1
0	323	324
392	392	1
23	38	16
378	481	104
239	306	68
82	439	358
166	483	318
521	578	58
490	490	1
19	83	65
315	317	3
363	463	101
504	573	70
504	504	1
504	504	1
133	141	9
344	358	15
325	473	149
445	622	178
497	497	1
263	320	58
246	362	117
406	514	109
405	547	143
164	167	4
19	370	352
38	130	93
82	129	48
38	139	102
30	144	115
28	143	116
26	74	49
19	143	125
22	146	125
50	83	34
28	139	112
72	235	164
29	96	68
33	91	59
69	111	43
33	70	38
70	143	74
73	126	54
91	142	52
34	136	103
26	129	104
44	52	9
41	44	4
31	50	20
21	95	75
119	141	23
73	123	51
123	146	24
27	137	111
32	140	109
67	144	78
67	100	34
94	102	9
25	83	59
51	120	70
98	247	150
493	584	92
223	361	139
38	222	185
324	469	146
350	573	224
228	580	353
307	393	87
18	42	25
544	550	7
65	279	215
35	279	245
25	269	245
480	496	17
20	150	131
517	607	91
260	518	259
185	188	4
511	581	71
65	247	183
571	585	15
139	479	341
503	614	112
369	596	228
466	511	46
185	194	10
155	293	139
244	402	159
187	219	33
418	579	162
115	203	89
60	374	315
491	501	11
111	299	189
3	175	173
17	159	143
280	602	323
10	10	1
186	536	351
75	146	72
397	580	184
150	158	9
143	164	22
75	75	1
602	614	13
233	575	343
179	445	267
18	144	127
218	220	3
109	319	211
89	118	30
45	124	80
7	151	145
508	522	15
213	389	177
126	445	320
7	307	301
15	195	181
32	372	341
158	228	71
22	299	278
53	215	163
103	154	52
114	345	232
208	226	19
192	418	227
384	554	171
573	588	16
13	307	295
33	110	78
112	451	340
417	418	2
186	439	254
301	323	23
364	414	51
576	579	4
289	497	209
266	515	250
73	354	282
305	347	43
167	389	223
0	337	338
179	345	167
263	551	289
379	584	206
44	210	167
133	358	226
284	590	307
238	544	307
38	363	326
215	432	218
360	420	61
256	501	246
521	522	2
245	354	110
306	588	283
233	505	273
21	48	28
81	286	206
70	293	224
15	152	138
10	58	49
84	386	303
373	500	128
102	364	263
28	185	158
105	135	31
232	535	304
389	513	125
569	611	43
507	509	3
70	73	4
139	142	4
559	590	32
15	152	138
119	121	3
22	142	121
552	606	55
22	182	161
173	182	10
29	163	135
355	361	7
69	87	19
105	154	50
13	341	329
63	287	225
28	346	319
56	357	302
228	244	17
207	295	89
66	301	236
311	314	4
166	249	84
28	353	326
4	361	358
11	319	309
132	360	229
231	357	127
7	361	355
14	251	238
10	353	344
10	361	352
208	335	128
0	361	362
5	358	354
79	219	141
276	276	1
10	14	5
169	506	338
223	224	2
6	279	274
281	611	331
0	274	275
319	433	115
5	292	288
70	117	48
270	410	141
14	128	115
80	147	68
564	564	1
8	191	184
329	329	1
337	522	186
529	596	68
104	200	97
181	460	280
35	319	285
109	230	122
234	493	260
258	434	177
507	513	7
266	588	323
311	356	46
15	259	245
434	583	150
73	353	281
181	271	91
296	585	290
360	375	16
19	332	314
118	378	261
296	436	141
522	531	10
394	543	150
156	442	287
59	317	259
10	73	64
453	485	33
20	151	132
397	402	6
534	540	7
19	120	102
413	560	148
146	146	1
47	106	60
87	152	66
395	605	211
395	593	199
453	597	145
67	95	29
5	41	37
46	77	32
453	485	33
404	416	13
87	87	1
131	409	279
130	432	303
375	587	213
441	447	7
183	184	2
86	86	1
236	428	193
107	125	19
189	348	160
343	343	1
312	316	5
349	472	124
25	367	343
602	634	33
313	475	163
136	146	11
514	529	16
15	138	124
546	617	72
250	301	52
607	611	5
522	522	1
46	176	131
70	145	76
499	499	1
153	175	23
7	118	112
6	33	28
6	213	208
231	284	54
18	94	77
131	178	48
424	430	7
161	276	116
54	350	297
14	278	265
179	188	10
85	91	7
107	312	206
496	507	12
149	339	191
173	297	125
341	495	155
19	347	329
35	390	356
110	136	27
57	259	203
150	469	320
332	335	4
124	165	42
110	152	43
20	53	34
17	17	1
74	77	4
150	241	92
100	101	2
417	578	162
67	430	364
84	112	29
222	438	217
57	331	275
471	472	2
308	420	113
214	571	358
6	319	314
356	519	164
578	579	2
376	514	139
127	487	361
87	87	1
55	383	329
125	346	222
53	137	85
284	572	289
280	578	299
20	154	135
256	316	61
67	411	345
386	387	2
62	70	9
341	511	171
60	73	14
252	392	141
129	493	365
71	316	246
492	546	55
535	536	2
181	271	91
28	309	282
237	288	52
47	81	35
629	629	1
70	70	1
363	627	265
68	360	293
55	62	8
43	323	281
537	545	9
365	586	222
493	493	1
166	232	67
260	278	19
506	556	51
545	545	1
257	304	48
480	613	134
535	622	88
496	537	42
493	537	45
46	70	25
510	537	28
109	268	160
70	70	1
493	530	38
254	395	142
524	553	30
524	537	14
473	517	45
138	404	267
309	312	4
44	370	327
172	366	195
77	119	43
102	116	15
44	113	70
11	355	345
56	127	72
104	251	148
528	537	10
300	300	1
259	259	1
106	394	289
267	267	1
489	494	6
317	336	20
20	20	1
269	269	1
333	505	173
146	503	358
311	378	68
34	38	5
252	252	1
91	426	336
365	490	126
138	479	342
224	403	180
243	243	1
108	122	15
368	502	135
130	427	298
445	451	7
316	324	9
252	254	3
81	243	163
61	69	9
49	91	43
136	447	312
120	323	204
137	430	294
112	383	272
79	102	24
12	99	88
75	434	360
490	503	14
25	381	357
109	110	2
588	605	18
90	237	148
216	395	180
481	488	8
202	449	248
381	425	45
323	532	210
402	630	229
138	370	233
329	488	160
175	268	94
192	424	233
391	481	91
40	313	274
49	49	1
109	363	255
192	192	1
349	383	35
57	175	119
399	399	1
356	636	281
21	345	325
96	216	121
405	537	133
476	489	14
415	608	194
82	432	351
2	265	264
25	322	298
245	263	19
287	621	335
355	492	138
148	489	342
494	581	88
450	521	72
352	365	14
489	545	57
482	613	132
223	434	212
362	617	256
509	546	38
257	257	1
242	249	8
258	275	18
357	360	4
29	183	155
4	52	49
340	340	1
101	154	54
82	221	140
64	98	35
232	526	295
1	284	284
63	63	1
189	199	11
1	334	334
17	307	291
439	440	2
37	120	84
37	85	49
72	195	124
81	83	3
0	333	334
1	134	134
124	130	7
290	392	103
120	122	3
445	456	12
99	435	337
87	162	76
183	183	1
63	101	39
70	230	161
278	294	17
162	162	1
119	326	208
190	247	58
301	305	5
45	244	200
212	366	155
179	377	199
58	225	168
31	131	101
278	311	34
46	311	266
212	314	103
108	272	165
167	360	194
161	296	136
100	309	210
140	363	224
311	341	31
161	226	66
191	225	35
285	357	73
35	333	299
29	379	351
57	168	112
372	379	8
30	228	199
26	378	353
206	329	124
173	310	138
264	339	76
38	254	217
73	356	284
31	294	264
111	375	265
31	376	346
56	371	316
245	278	34
152	375	224
39	360	322
254	371	118
252	307	56
234	234	1
204	245	42
99	99	1
97	97	1
43	357	315
105	326	222
105	315	211
41	238	198
26	119	94
40	360	321
21	328	308
255	377	123
34	375	342
163	300	138
112	316	205
14	223	210
76	224	149
129	131	3
215	578	364
236	241	6
577	579	3
293	624	332
591	622	32
438	452	15
168	312	145
42	319	278
10	62	53
228	517	290
410	430	21
133	133	1
474	482	9
34	202	169
20	220	201
171	313	143
175	176	2
176	345	170
238	437	200
131	133	3
623	635	13
147	287	141
12	107	96
12	335	324
336	336	1
142	142	1
24	319	296
101	371	271
68	371	304
250	252	3
343	490	148
399	430	32
452	586	135
209	326	118
113	145	33
361	577	217
243	243	1
203	210	8
512	512	1
141	391	251
59	387	329
553	554	2
55	370	316
48	203	156
150	445	296
488	584	97
42	241	200
318	514	197
326	625	300
105	420	316
402	417	16
303	306	4
78	387	310
10	296	287
98	174	77
300	311	12
5	252	248
586	587	2
131	485	355
402	455	54
236	376	141
455	596	142
15	216	202
441	442	2
10	267	258
82	407	326
366	373	8
107	108	2
99	426	328
78	174	97
96	176	81
44	392	349
141	418	278
117	388	272
47	103	57
91	104	14
378	498	121
550	550	1
240	499	260
577	578	2
170	469	300
554	554	1
400	624	225
332	471	140
587	628	42
412	566	155
381	452	72
545	546	2
87	87	1
198	558	361
41	384	344
196	549	354
419	577	159
524	622	99
511	516	6
567	568	2
542	542	1
210	511	302
550	550	1
282	518	237
500	502	3
323	388	66
37	333	297
193	554	362
284	451	168
461	577	117
419	511	93
564	564	1
27	364	338
545	546	2
114	324	211
231	564	334
517	522	6
386	481	96
546	621	76
147	510	364
43	329	287
61	239	179
429	620	192
58	84	27
630	630	1
376	599	224
314	623	310
198	463	266
76	441	366
627	628	2
328	616	289
326	498	173
175	364	190
401	417	17
39	331	293
42	291	250
337	409	73
390	495	106
179	530	352
424	531	108
413	544	132
228	230	3
530	634	105
412	423	12
363	566	204
473	586	114
255	613	359
531	637	107
348	510	163
552	556	5
563	567	5
188	188	1
75	363	289
413	593	181
185	455	271
188	553	366
395	585	191
504	520	17
249	483	235
452	600	149
252	372	121
379	502	124
255	376	122
556	607	52
74	249	176
29	371	343
257	493	237
363	495	133
605	613	9
242	263	22
95	108	14
374	496	123
437	634	198
487	488	2
346	525	180
411	489	79
598	598	1
340	612	273
411	489	79
262	556	295
565	606	42
398	404	7
344	612	269
410	494	85
71	186	116
55	326	272
126	489	364
341	505	165
347	489	143
343	420	78
181	481	301
90	111	22
336	435	100
238	493	256
25	98	74
557	562	6
109	150	42
236	501	266
27	84	58
272	322	51
169	309	141
41	230	190
157	432	276
249	403	155
18	303	286
237	578	342
285	615	331
45	349	305
477	488	12
25	69	45
428	432	5
103	103	1
39	188	150
125	361	237
149	181	33
93	96	4
61	97	37
247	463	217
164	410	247
196	544	349
260	406	147
187	361	175
236	413	178
185	272	88
255	391	137
1	138	138
0	70	71
12	114	103
59	119	61
14	60	47
54	106	53
4	101	98
17	115	99
117	139	23
108	118	11
0	134	135
4	135	132
56	122	67
7	109	103
26	134	109
5	125	121
304	306	3
325	618	294
63	404	342
311	399	89
387	397	11
441	451	11
224	427	204
90	92	3
173	180	8
234	482	249
98	101	4
382	436	55
12	108	97
41	45	5
311	501	191
443	576	134
484	484	1
219	540	322
103	157	55
562	571	10
89	319	231
497	584	88
159	427	269
259	341	83
46	309	264
310	597	288
21	166	146
503	571	69
469	483	15
28	238	211
214	469	256
515	525	11
22	247	226
606	607	2
15	219	205
67	412	346
619	620	2
34	36	3
66	311	246
548	552	5
42	394	353
407	444	38
39	111	73
452	476	25
242	247	6
310	502	193
133	134	2
302	372	71
24	144	121
441	441	1
417	495	79
166	525	360
98	411	314
244	245	2
14	301	288
332	473	142
136	437	302
33	180	148
411	528	118
562	564	3
56	100	45
264	598	335
79	233	155
164	434	271
541	548	8
379	579	201
34	345	312
347	474	128
331	625	295
27	302	276
387	620	234
548	548	1
17	288	272
184	247	64
154	360	207
57	353	297
539	541	3
154	360	207
36	300	265
133	434	302
367	371	5
417	525	109
36	55	20
49	50	2
36	49	14
41	90	50
48	54	7
21	146	126
47	53	7
46	57	12
52	52	1
40	63	24
38	67	30
37	65	29
63	64	2
48	49	2
45	49	5
457	463	7
419	425	7
419	598	180
553	554	2
418	488	71
536	547	12
418	465	48
8	302	295
403	488	86
136	385	250
437	467	31
132	310	179
57	295	239
93	366	274
574	574	1
2	162	161
537	548	12
108	108	1
212	525	314
365	368	4
41	85	45
195	560	366
236	387	152
198	202	5
431	630	200
58	312	255
419	488	70
28	159	132
7	156	150
43	129	87
70	120	51
59	154	96
74	150	77
3	76	74
80	82	3
21	138	118
4	127	124
2	156	155
0	146	147
63	151	89
97	98	2
80	80	1
0	158	159
46	49	4
320	424	105
72	411	340
197	425	229
20	171	152
310	591	282
285	590	306
33	147	115
341	343	3
250	595	346
205	443	239
225	408	184
115	383	269
373	617	245
58	276	219
140	310	171
87	216	130
87	324	238
565	577	13
203	310	108
378	495	118
58	83	26
165	470	306
27	318	292
576	576	1
228	564	337
358	487	130
81	112	32
112	194	83
123	265	143
587	598	12
231	441	211
232	396	165
241	241	1
396	396	1
92	197	106
137	474	338
451	451	1
252	433	182
153	497	345
50	126	77
285	355	71
118	354	237
48	344	297
544	587	44
389	451	63
155	172	18
332	332	1
174	238	65
167	227	61
411	525	115
311	321	11
271	460	190
108	465	358
110	172	63
229	446	218
496	638	143
235	237	3
353	438	86
235	235	1
82	424	343
174	349	176
24	54	31
169	346	178
331	356	26
387	420	34
430	434	5
255	613	359
327	627	301
268	330	63
596	616	21
87	270	184
536	564	29
327	619	293
235	298	64
395	398	4
222	299	78
280	304	25
113	124	12
282	308	27
224	420	197
286	286	1
139	151	13
425	447	23
355	621	267
215	291	77
119	127	9
235	263	29
503	609	107
413	616	204
495	570	76
68	210	143
94	98	5
113	335	223
129	133	5
5	173	169
10	150	141
364	489	126
104	106	3
46	219	174
66	67	2
508	525	18
350	392	43
220	272	53
578	628	51
28	31	4
124	341	218
129	466	338
474	482	9
342	482	141
102	286	185
151	152	2
244	515	272
320	370	51
361	586	226
197	342	146
245	384	140
49	122	74
42	66	25
140	244	105
265	397	133
26	108	83
186	330	145
47	66	20
189	531	343
45	238	194
255	272	18
66	66	1
214	473	260
245	405	161
320	370	51
125	154	30
77	98	22
373	638	266
236	236	1
81	125	45
11	341	331
327	328	2
10	102	93
40	145	106
312	421	110
2	290	289
347	356	10
30	294	265
293	301	9
5	346	342
118	313	196
41	358	318
90	91	2
292	502	211
31	238	208
14	295	282
11	192	182
271	309	39
244	374	131
312	520	209
204	280	77
319	320	2
381	416	36
254	323	70
333	506	174
192	217	26
591	612	22
530	530	1
73	370	298
584	588	5
574	588	15
473	626	154
318	479	162
111	111	1
286	585	300
235	494	260
487	488	2
316	517	202
594	601	8
189	339	151
601	609	9
250	600	351
115	440	326
530	584	55
531	593	63
31	172	142
453	483	31
557	571	15
452	544	93
299	341	43
371	605	235
371	626	256
342	349	8
473	487	15
182	512	331
492	493	2
479	612	134
354	609	256
569	629	61
362	521	160
290	518	229
247	597	351
111	473	363
409	636	228
36	128	93
353	398	46
187	518	332
320	461	142
63	119	57
600	635	36
467	467	1
253	434	182
32	325	294
272	392	121
173	279	107
49	320	272
433	587	155
472	473	2
306	479	174
587	591	5
79	249	171
451	599	149
476	636	161
488	552	65
479	526	48
523	599	77
376	382	7
602	605	4
481	585	105
109	242	134
592	602	11
473	473	1
103	278	176
1	363	363
164	168	5
192	553	362
19	305	287
12	349	338
65	252	188
23	376	354
17	355	339
194	203	10
145	418	274
398	610	213
312	607	296
357	632	276
147	343	197
131	475	345
125	468	344
574	585	12
62	112	51
42	224	183
118	216	99
111	475	365
574	598	25
539	559	21
109	473	365
83	373	291
248	494	247
438	462	25
312	624	313
97	342	246
137	455	319
599	612	14
269	378	110
536	537	2
270	543	274
101	104	4
103	103	1
507	602	96
331	571	241
251	252	2
141	189	49
58	417	360
0	16	17
51	342	292
146	342	197
68	355	288
134	141	8
125	468	344
390	391	2
262	585	324
98	136	39
331	491	161
35	262	228
230	272	43
137	473	337
191	512	322
407	517	111
54	399	346
228	228	1
66	228	163
6	214	209
216	336	121
358	429	72
335	337	3
28	147	120
307	307	1
315	437	123
15	371	357
5	217	213
96	253	158
146	201	56
69	232	164
8	266	259
58	232	175
59	145	87
40	231	192
68	251	184
20	378	359
54	56	3
36	155	120
38	131	94
56	236	181
54	210	157
41	252	212
54	145	92
33	250	218
12	76	65
39	250	212
45	232	188
44	245	202
28	250	223
38	238	201
46	154	109
55	59	5
108	171	64
74	252	179
54	227	174
139	139	1
150	239	90
36	252	217
31	252	222
128	197	70
97	97	1
56	216	161
71	242	172
104	114	11
66	240	175
38	194	157
145	254	110
97	254	158
38	242	205
39	245	207
25	347	323
48	161	114
26	41	16
178	231	54
59	278	220
72	166	95
417	417	1
171	359	189
93	99	7
615	635	21
202	420	219
172	177	6
39	52	14
292	447	156
613	636	24
163	362	200
182	309	128
199	201	3
417	493	77
622	630	9
403	449	47
61	227	167
393	398	6
244	362	119
454	460	7
91	129	39
147	489	343
253	374	122
351	567	217
0	297	298
147	147	1
584	623	40
257	257	1
276	299	24
83	128	46
477	566	90
92	302	211
95	129	35
45	266	222
382	595	214
131	165	35
29	292	264
4	140	137
31	317	287
496	497	2
215	361	147
280	301	22
205	205	1
320	320	1
633	636	4
209	244	36
615	618	4
194	367	174
341	361	21
298	340	43
244	245	2
300	300	1
224	319	96
619	619	1
231	280	50
199	336	138
273	358	86
194	360	167
210	343	134
196	198	3
626	626	1
621	635	15
307	371	65
319	329	11
227	285	59
196	235	40
627	633	7
338	347	10
197	237	41
221	378	158
213	369	157
245	556	312
304	313	10
204	379	176
194	354	161
356	566	211
252	325	74
255	615	361
483	483	1
587	590	4
189	504	316
252	253	2
172	251	80
323	586	264
355	366	12
259	302	44
222	252	31
280	612	333
278	355	78
221	324	104
502	553	52
221	230	10
191	216	26
567	567	1
542	550	9
257	472	216
224	356	133
347	355	9
202	472	271
207	361	155
278	313	36
520	520	1
216	504	289
372	373	2
287	323	37
193	501	309
370	370	1
245	307	63
240	542	303
312	567	256
459	497	39
352	354	3
397	626	230
473	510	38
274	353	80
284	503	220
185	332	148
313	495	183
500	500	1
473	503	31
504	523	20
311	398	88
228	392	165
399	621	223
635	635	1
420	497	78
300	508	209
406	407	2
595	600	6
600	634	35
595	629	35
588	591	4
634	635	2
624	638	15
603	625	23
595	622	28
228	556	329
178	189	12
178	199	22
178	201	24
174	202	29
178	201	24
183	184	2
174	191	18
184	198	15
184	185	2
177	185	9
175	175	1
174	202	29
447	550	104
531	606	76
325	513	189
204	517	314
269	271	3
320	596	277
173	483	311
241	584	344
461	462	2
363	528	166
286	428	143
251	272	22
496	612	117
306	608	303
196	447	252
319	593	275
290	584	295
261	611	351
460	461	2
222	366	145
182	510	329
177	511	335
594	615	22
193	491	299
229	506	278
360	396	37
209	563	355
210	551	342
573	576	4
403	549	147
405	508	104
378	494	117
318	346	29
479	480	2
355	578	224
287	606	320
206	398	193
425	536	112
362	420	59
223	223	1
223	446	224
222	495	274
550	553	4
214	476	263
305	638	334
305	544	240
354	573	220
303	551	249
220	451	232
564	570	7
523	591	69
194	228	35
340	350	11
187	192	6
464	494	31
418	469	52
404	606	203
403	622	220
406	606	201
395	622	228
469	605	137
353	532	180
608	615	8
335	360	26
557	559	3
211	230	20
218	562	345
601	602	2
371	375	5
357	391	35
605	616	12
533	565	33
433	496	64
376	405	30
559	577	19
602	615	14
183	232	50
329	505	177
569	569	1
178	182	5
501	501	1
262	618	357
215	274	60
180	363	184
333	591	259
207	234	28
285	493	209
555	616	62
292	601	310
489	627	139
356	483	128
496	573	78
183	210	28
182	221	40
184	480	297
291	323	33
376	377	2
189	515	327
375	375	1
244	603	360
329	573	245
578	599	22
180	186	7
200	335	136
363	608	246
578	579	2
515	517	3
199	223	25
235	485	251
278	349	72
222	336	115
224	330	107
189	317	129
238	515	278
256	487	232
189	523	335
266	479	214
224	524	301
256	483	228
514	514	1
297	605	309
286	636	351
207	546	340
295	589	295
287	480	194
335	629	295
285	371	87
348	588	241
241	535	295
322	370	49
250	258	9
426	507	82
480	621	142
247	532	286
531	573	43
221	321	101
410	421	12
304	618	315
341	523	183
528	535	8
566	590	25
204	520	317
247	609	363
415	415	1
421	436	16
339	566	228
375	615	241
197	364	168
202	532	331
238	264	27
259	471	213
279	507	229
220	585	366
318	487	170
315	411	97
570	578	9
488	584	97
284	493	210
491	597	107
238	603	366
273	497	225
214	571	358
239	239	1
252	567	316
276	636	361
222	222	1
340	591	252
214	235	22
243	563	321
347	354	8
351	606	256
490	494	5
201	566	366
595	595	1
229	469	241
303	481	179
591	591	1
253	478	226
229	355	127
338	478	141
480	593	114
206	291	86
216	231	16
306	601	296
496	630	135
202	202	1
244	452	209
230	590	361
343	614	272
213	311	99
238	427	190
532	609	78
290	356	67
221	410	190
247	595	349
397	507	111
219	259	41
360	360	1
228	229	2
223	572	350
333	343	11
237	511	275
376	579	204
245	463	219
205	217	13
368	636	269
248	481	234
445	630	186
242	593	352
557	566	10
283	567	285
498	617	120
244	537	294
215	221	7
243	422	180
322	637	316
527	632	106
376	376	1
312	517	206
236	437	202
255	342	88
464	502	39
309	541	233
279	541	263
279	287	9
402	402	1
388	461	74
334	334	1
300	511	212
498	632	135
240	396	157
267	537	271
304	381	78
369	369	1
487	578	92
220	502	283
395	601	207
474	474	1
551	551	1
329	340	12
201	561	361
356	602	247
327	497	171
296	507	212
304	579	276
431	554	124
319	578	260
224	568	345
482	521	40
326	623	298
253	582	330
335	341	7
578	578	1
342	358	17
204	362	159
338	507	170
355	516	162
357	493	137
397	424	28
243	567	325
221	434	214
229	441	213
388	537	150
406	507	102
217	434	218
220	220	1
239	243	5
221	479	259
432	432	1
533	544	12
320	341	22
633	634	2
592	617	26
294	319	26
363	481	119
257	551	295
359	628	270
213	238	26
208	570	363
232	497	266
200	342	143
518	521	4
215	578	364
234	398	165
206	383	178
388	389	2
231	476	246
281	624	344
265	497	233
462	492	31
325	514	190
559	573	15
451	627	177
249	255	7
224	503	280
542	564	23
208	420	213
466	620	155
270	509	240
550	630	81
559	559	1
339	375	37
442	446	5
516	553	38
375	630	256
489	580	92
533	536	4
484	488	5
494	573	80
296	633	338
533	573	41
615	628	14
200	355	156
271	503	233
296	492	197
357	495	139
428	579	152
212	569	358
514	518	5
523	559	37
512	556	45
224	489	266
207	549	343
204	225	22
425	472	48
535	535	1
348	520	173
205	554	350
223	515	293
336	387	52
424	487	64
207	556	350
358	546	189
206	528	323
351	549	199
416	539	124
418	559	142
336	528	193
224	488	265
212	517	306
414	544	131
433	449	17
357	545	189
383	461	79
351	537	187
386	551	166
205	205	1
382	473	92
211	521	311
463	508	46
382	559	178
214	484	271
349	557	209
417	610	194
492	501	10
277	459	183
260	421	162
488	543	56
416	416	1
418	423	6
571	624	54
488	550	63
327	557	231
286	634	349
342	606	265
624	632	9
338	626	289
415	490	76
384	428	45
420	559	140
539	616	78
280	505	226
395	578	184
427	478	52
265	555	291
282	498	217
410	502	93
375	487	113
364	468	105
322	600	279
265	453	189
361	587	227
268	628	361
325	596	272
323	585	263
368	490	123
273	539	267
291	522	232
264	616	353
287	592	306
517	561	45
491	625	135
425	581	157
468	579	112
437	468	32
276	629	354
465	599	135
495	612	118
285	473	189
260	300	41
340	453	114
395	473	79
298	616	319
423	567	145
272	603	332
295	533	239
402	533	132
385	594	210
304	617	314
301	528	228
297	480	184
391	494	104
286	627	342
411	494	84
426	614	189
271	613	343
322	628	307
290	561	272
396	614	219
329	570	242
270	409	140
332	623	292
461	619	159
276	609	334
264	430	167
262	488	227
312	409	98
436	483	48
284	495	212
286	391	106
323	628	306
270	459	190
269	272	4
265	620	356
278	480	203
384	384	1
529	531	3
295	559	265
293	549	257
239	601	363
280	536	257
295	439	145
252	287	36
267	605	339
243	607	365
373	439	67
270	593	324
545	571	27
349	567	219
318	571	254
350	595	246
331	468	138
555	602	48
362	362	1
308	472	165
268	506	239
249	455	207
280	516	237
263	462	200
236	511	276
280	382	103
257	417	161
237	515	279
251	507	257
264	433	170
235	237	3
248	515	268
234	517	284
468	517	50
259	484	226
264	517	254
245	475	231
251	264	14
252	261	10
243	479	237
256	386	131
253	363	111
242	503	262
272	416	145
249	452	204
241	241	1
251	498	248
256	407	152
284	349	66
248	270	23
426	457	32
239	506	268
235	515	281
290	358	69
343	456	114
264	483	220
241	566	326
272	630	359
398	417	20
243	278	36
330	611	282
244	467	224
281	610	330
337	539	203
241	501	261
260	625	366
384	410	27
303	343	41
556	617	62
337	520	184
405	405	1
614	622	9
347	623	277
364	582	219
330	465	136
488	492	5
295	520	226
277	618	342
562	563	2
428	471	44
259	362	104
310	617	308
562	563	2
355	632	278
363	468	106
404	430	27
260	617	358
303	593	291
636	636	1
277	599	323
257	285	29
311	314	4
480	483	4
304	304	1
278	615	338
577	605	29
311	591	281
295	513	219
594	633	40
550	551	2
551	551	1
285	550	266
266	316	51
269	459	191
255	582	328
529	529	1
633	633	1
269	530	262
262	357	96
250	324	75
286	291	6
473	473	1
277	342	66
306	318	13
297	333	37
240	336	97
353	356	4
241	343	103
270	363	94
296	356	61
247	504	258
240	350	111
296	360	65
259	328	70
240	326	87
271	319	49
242	335	94
288	363	76
259	345	87
307	359	53
288	345	58
272	359	88
255	318	64
309	331	23
243	358	116
254	303	50
392	519	128
308	630	323
297	397	101
358	499	142
533	630	98
420	487	68
334	566	233
314	621	308
326	406	81
309	603	295
375	390	16
302	323	22
532	532	1
383	421	39
394	424	31
334	566	233
306	331	26
345	630	286
327	590	264
428	428	1
370	595	226
393	617	225
574	577	4
629	630	2
304	318	15
306	425	120
295	631	337
464	591	128
314	504	191
411	476	66
293	515	223
301	511	211
371	587	217
432	600	169
292	523	232
343	523	181
362	450	89
398	522	125
339	392	54
381	578	198
441	581	141
305	368	64
288	445	158
462	488	27
472	558	87
300	551	252
583	590	8
523	598	76
595	599	5
466	529	64
528	539	12
420	549	130
304	525	222
348	601	254
319	577	259
332	607	276
466	587	122
305	608	304
489	579	91
362	482	121
394	600	207
325	568	244
411	411	1
287	558	272
312	358	47
287	624	338
303	368	66
516	632	117
360	634	275
521	615	95
289	437	149
364	601	238
290	630	341
298	621	324
444	446	3
438	552	115
329	627	299
380	434	55
316	568	253
452	454	3
346	627	282
287	472	186
356	609	254
439	469	31
353	547	195
287	521	235
537	537	1
295	443	149
289	295	7
496	566	71
391	470	80
495	522	28
595	595	1
404	489	86
456	463	8
307	356	50
332	518	187
297	461	165
435	519	85
371	430	60
357	357	1
294	375	82
462	581	120
334	436	103
389	409	21
313	588	276
295	597	303
322	567	246
377	542	166
309	546	238
322	532	211
297	596	300
361	543	183
357	538	182
301	574	274
372	456	85
391	483	93
327	528	202
293	592	300
386	596	211
581	581	1
418	500	83
325	566	242
327	576	250
328	435	108
325	589	265
357	598	242
314	594	281
397	494	98
294	581	288
591	591	1
394	407	14
391	403	13
442	519	78
350	403	54
309	386	78
316	316	1
336	336	1
307	322	16
340	540	201
584	591	8
325	407	83
300	598	299
385	500	116
394	542	149
316	567	252
417	539	123
425	509	85
307	557	251
383	621	239
474	477	4
390	552	163
307	316	10
289	532	244
305	598	294
398	415	18
397	412	16
385	459	75
290	507	218
295	310	16
343	420	78
364	591	228
529	597	69
304	304	1
368	636	269
304	410	107
354	528	175
398	536	139
307	340	34
376	440	65
309	424	116
331	559	229
333	502	170
423	480	58
436	448	13
445	448	4
530	531	2
332	524	193
371	383	13
363	420	58
322	322	1
390	419	30
396	454	59
371	399	29
537	537	1
300	407	108
305	417	113
305	398	94
427	567	141
346	376	31
306	500	195
346	349	4
419	455	37
341	563	223
307	539	233
511	514	4
417	620	204
531	538	8
377	517	141
297	459	163
507	547	41
501	501	1
412	457	46
378	401	24
346	388	43
493	512	20
520	520	1
495	496	2
377	622	246
397	454	58
306	343	38
445	446	2
548	572	25
537	580	44
479	605	127
415	634	220
609	609	1
313	570	258
332	431	100
372	588	217
427	607	181
300	300	1
434	530	97
412	412	1
418	577	160
300	301	2
306	635	330
462	475	14
362	476	115
514	605	92
538	543	6
404	445	42
430	538	109
351	603	253
582	582	1
432	521	90
549	569	21
381	626	246
474	581	108
335	618	284
293	385	93
529	529	1
407	480	74
308	567	260
432	625	194
319	630	312
389	510	122
516	516	1
355	532	178
318	588	271
333	518	186
637	637	1
417	535	119
293	636	344
293	300	8
353	637	285
307	636	330
291	591	301
375	629	255
296	343	48
441	490	50
493	497	5
292	566	275
360	496	137
565	566	2
397	620	224
293	636	344
315	371	57
536	536	1
494	567	74
357	390	34
385	633	249
317	617	301
304	593	290
470	496	27
292	345	54
323	514	192
630	635	6
334	561	228
443	577	135
300	439	140
314	490	177
491	491	1
514	514	1
314	486	173
517	568	52
460	480	21
361	362	2
344	465	122
546	564	19
391	393	3
477	477	1
479	494	16
307	388	82
543	544	2
308	490	183
487	581	95
445	461	17
386	567	182
557	620	64
404	637	234
477	596	120
407	407	1
286	619	334
335	613	279
616	616	1
290	632	343
286	619	334
471	592	122
461	483	23
526	596	71
420	573	154
369	369	1
300	542	243
547	558	12
461	616	156
295	512	218
475	595	121
314	624	311
308	444	137
466	471	6
592	605	14
299	531	233
451	453	3
530	531	2
305	469	165
405	423	19
553	582	30
459	578	120
543	600	58
398	507	110
298	584	287
424	571	148
289	561	273
306	472	167
336	555	220
306	572	267
530	530	1
472	487	16
292	630	339
332	542	211
304	508	205
314	480	167
306	537	232
301	480	180
291	300	10
297	638	342
507	522	16
313	433	121
331	601	271
437	487	51
290	601	312
456	524	69
300	559	260
390	596	207
301	495	195
305	536	232
297	486	190
306	472	167
381	410	30
475	475	1
505	508	4
289	592	304
290	375	86
390	586	197
535	535	1
291	291	1
391	469	79
507	528	22
475	480	6
333	574	242
525	526	2
530	532	3
528	528	1
494	507	14
544	636	93
537	598	62
322	322	1
363	493	131
330	330	1
290	310	21
385	585	201
305	309	5
548	608	61
580	618	39
482	529	48
316	581	266
309	433	125
333	466	134
535	551	17
314	590	277
399	623	225
370	616	247
349	403	55
299	618	320
549	551	3
287	291	5
580	627	48
287	628	342
341	614	274
381	403	23
373	492	120
404	468	65
293	575	283
570	602	33
339	549	211
287	290	4
305	453	149
480	618	139
293	460	168
292	536	245
558	558	1
360	623	264
348	596	249
611	612	2
319	543	225
321	500	180
376	480	105
334	514	181
315	363	49
426	433	8
321	502	182
609	620	12
354	557	204
453	550	98
451	453	3
375	475	101
398	426	29
397	466	70
287	572	286
360	461	102
302	606	305
441	547	107
291	426	136
307	535	229
351	472	122
309	553	245
398	500	103
460	495	36
550	626	77
307	399	93
288	596	309
293	494	202
293	635	343
394	555	162
336	543	208
570	581	12
355	578	224
386	413	28
362	484	123
294	628	335
362	378	17
304	497	194
320	489	170
500	511	12
494	496	3
335	632	298
397	536	140
392	507	116
502	507	6
322	490	169
400	564	165
369	622	254
363	608	246
454	457	4
305	564	260
489	596	108
503	504	2
330	587	258
414	630	217
338	456	119
402	476	75
628	630	3
592	592	1
338	338	1
343	492	150
377	377	1
451	465	15
362	369	8
324	632	309
586	635	50
608	629	22
403	616	214
497	637	141
361	633	273
490	509	20
364	371	8
514	635	122
364	577	214
377	634	258
544	546	3
538	563	26
288	529	242
354	508	155
415	514	100
291	526	236
346	507	162
433	476	44
515	515	1
375	525	151
419	528	110
330	522	193
299	514	216
383	515	133
289	526	238
300	507	208
494	514	21
307	488	182
315	504	190
316	523	208
378	464	87
357	463	107
507	507	1
322	482	161
287	516	230
411	522	112
378	529	152
392	515	124
296	469	174
414	417	4
298	488	191
359	514	156
340	446	107
288	415	128
342	497	156
290	505	216
350	421	72
287	497	211
362	502	141
290	529	240
327	507	181
291	469	179
306	488	183
287	397	111
296	505	210
289	418	130
354	522	169
296	520	225
427	471	45
343	572	230
312	499	188
546	626	81
324	504	181
300	484	185
420	627	208
336	336	1
302	303	2
324	567	244
315	591	277
374	591	218
356	507	152
495	569	75
393	513	121
365	505	141
395	511	117
277	612	336
376	423	48
327	341	15
379	488	110
349	412	64
519	607	89
428	593	166
498	514	17
348	457	110
378	592	215
313	326	14
304	318	15
621	621	1
354	412	59
345	366	22
563	563	1
306	377	72
387	387	1
376	409	34
425	486	62
558	562	5
498	602	105
306	427	122
562	575	14
399	528	130
366	370	5
320	595	276
377	402	26
344	375	32
469	488	20
539	609	71
306	402	97
377	523	147
326	591	266
399	606	208
308	325	18
305	534	230
328	495	168
375	567	193
401	632	232
296	573	278
315	596	282
361	546	186
322	618	297
322	535	214
328	632	305
321	535	215
399	404	6
540	604	65
305	453	149
344	636	293
496	497	2
384	585	202
304	317	14
332	333	2
320	332	13
368	509	142
443	629	187
463	622	160
304	596	293
497	497	1
508	538	31
351	369	19
424	545	122
340	435	96
318	517	200
497	497	1
487	525	39
455	515	61
340	347	8
362	636	275
339	345	7
589	589	1
326	358	33
504	635	132
332	460	129
473	577	105
468	522	55
521	537	17
337	587	251
293	638	346
494	594	101
601	601	1
347	473	127
535	537	3
525	591	67
583	583	1
294	474	181
461	591	131
501	608	108
324	604	281
293	610	318
358	570	213
469	497	29
298	584	287
489	489	1
490	601	112
356	567	212
297	395	99
362	634	273
321	574	254
301	396	96
396	402	7
358	569	212
306	487	182
299	631	333
354	581	228
318	604	287
474	635	162
297	577	281
557	638	82
327	578	252
301	514	214
295	582	288
490	613	124
274	559	286
332	553	222
468	614	147
570	599	30
330	557	228
325	547	223
464	555	92
332	559	228
334	619	286
307	607	301
291	578	288
312	598	287
320	608	289
334	460	127
322	445	124
291	623	333
312	461	150
564	631	68
364	489	126
317	607	291
592	624	33
316	636	321
365	564	200
567	585	19
325	572	248
325	512	188
394	631	238
588	598	11
311	632	322
332	335	4
311	476	166
312	553	242
323	323	1
506	623	118
487	487	1
349	399	51
327	520	194
375	497	123
397	594	198
507	529	23
526	532	7
461	612	152
347	627	281
368	636	269
330	335	6
341	432	92
539	623	85
445	629	185
497	556	60
352	504	153
316	607	292
481	503	23
368	441	74
447	473	27
367	440	74
331	488	158
340	557	218
451	476	26
315	585	271
343	353	11
311	339	29
419	458	40
573	609	37
345	553	209
495	495	1
342	469	128
517	522	6
320	411	92
349	372	24
390	447	58
315	597	283
318	619	302
325	511	187
440	567	128
341	356	16
344	505	162
420	607	188
392	611	220
496	536	41
444	485	42
538	539	2
596	623	28
382	593	212
443	557	115
314	584	271
368	595	228
343	619	277
426	434	9
371	425	55
363	441	79
469	534	66
441	621	181
357	439	83
324	459	136
343	351	9
441	502	62
311	408	98
460	508	49
403	406	4
311	437	127
333	413	81
356	443	88
372	399	28
509	614	106
333	391	59
608	624	17
353	479	127
413	427	15
316	316	1
316	566	251
356	356	1
385	635	251
314	319	6
458	461	4
335	341	7
350	621	272
321	629	309
462	627	166
440	456	17
612	613	2
397	397	1
378	525	148
363	627	265
347	602	256
367	584	218
313	525	213
375	375	1
525	528	4
367	550	184
338	547	210
324	626	303
475	629	155
488	590	103
357	623	267
458	514	57
621	622	2
473	622	150
333	597	265
619	619	1
317	634	318
626	629	4
335	570	236
425	437	13
351	380	30
426	583	158
390	622	233
584	615	32
619	623	5
342	636	295
322	594	273
388	621	234
402	622	221
514	514	1
514	514	1
436	436	1
316	333	18
514	528	15
459	593	135
332	586	255
444	583	140
426	583	158
409	433	25
376	384	9
453	488	36
409	619	211
411	493	83
432	573	142
472	629	158
374	577	204
354	594	241
348	528	181
537	579	43
355	462	108
364	609	246
335	575	241
332	620	289
370	371	2
344	602	259
455	478	24
558	561	4
425	433	9
400	586	187
312	316	5
311	440	130
329	576	248
356	357	2
605	609	5
383	493	111
327	449	123
403	441	39
328	559	232
310	594	285
336	337	2
365	578	214
442	605	164
317	440	124
488	546	59
349	402	54
316	386	71
384	613	230
479	526	48
318	549	232
458	574	117
577	577	1
314	620	307
325	618	294
383	615	233
325	325	1
443	502	60
314	548	235
551	552	2
430	460	31
371	424	54
590	592	3
346	495	150
473	474	2
508	584	77
358	440	83
310	322	13
360	478	119
590	602	13
400	605	206
382	611	230
352	610	259
366	575	210
487	529	43
438	564	127
434	530	97
361	565	205
410	488	79
376	460	85
342	572	231
590	591	2
361	592	232
524	570	47
390	597	208
529	573	45
542	542	1
342	609	268
428	498	71
388	408	21
382	510	129
426	630	205
500	595	96
326	426	101
329	460	132
375	636	262
321	576	256
348	512	165
313	317	5
315	575	261
319	481	163
355	593	239
495	626	132
332	558	227
376	622	247
313	591	279
350	466	117
418	611	194
418	507	90
403	507	105
358	419	62
334	606	273
507	570	64
385	406	22
323	611	289
466	531	66
350	607	258
313	497	185
336	410	75
563	594	32
318	412	95
332	502	171
355	607	253
393	580	188
515	573	59
340	578	239
344	385	42
312	608	297
335	538	204
341	383	43
491	559	69
415	523	109
551	565	15
522	523	2
584	587	4
572	578	7
316	616	301
350	608	259
459	605	147
398	613	216
578	578	1
355	392	38
565	624	60
417	605	189
504	609	106
377	563	187
392	633	242
552	553	2
392	392	1
490	603	114
362	399	38
405	531	127
362	617	256
485	631	147
447	500	54
361	369	9
315	347	33
336	351	16
501	514	14
433	548	116
439	593	155
406	610	205
403	629	227
607	619	13
340	347	8
334	525	192
443	531	89
367	571	205
325	395	71
580	608	29
381	412	32
419	501	83
340	417	78
391	518	128
551	574	24
337	470	134
452	528	77
464	465	2
363	611	249
348	539	192
403	515	113
571	573	3
335	361	27
315	512	198
340	417	78
314	325	12
346	488	143
421	518	98
412	608	197
418	581	164
320	571	252
341	400	60
365	596	232
322	512	191
456	549	94
427	458	32
494	630	137
383	514	132
356	568	213
388	388	1
417	423	7
381	381	1
510	633	124
458	476	19
596	631	36
431	437	7
437	563	127
388	388	1
509	514	6
410	620	211
355	514	160
478	619	142
575	575	1
371	455	85
430	574	145
477	582	106
527	551	25
352	610	259
388	521	134
353	514	162
393	581	189
360	603	244
579	580	2
391	562	172
360	553	194
444	486	43
360	489	130
358	393	36
353	382	30
518	588	71
423	553	131
353	354	2
547	551	5
372	372	1
563	564	2
527	528	2
457	591	135
367	538	172
398	637	240
357	574	218
388	525	138
382	439	58
451	453	3
356	587	232
431	629	199
355	500	146
394	615	222
354	611	258
521	637	117
559	586	28
360	574	215
436	562	127
405	631	227
575	582	8
504	505	2
397	571	175
331	446	116
341	564	224
379	573	195
577	598	22
328	619	292
416	569	154
361	600	240
587	594	8
396	607	212
316	478	163
406	461	56
397	573	177
396	578	183
333	517	185
479	518	40
354	597	244
442	587	146
402	555	154
419	605	187
323	607	285
323	362	40
367	637	271
323	611	289
347	637	291
435	607	173
607	634	28
323	636	314
393	638	246
324	575	252
486	529	44
508	517	10
579	587	9
479	529	51
479	489	11
493	493	1
509	530	22
493	524	32
502	634	133
479	495	17
516	595	80
493	522	30
585	637	53
487	638	152
491	516	26
514	517	4
490	525	36
370	371	2
627	637	11
489	528	40
350	361	12
503	503	1
488	626	139
374	609	236
359	613	255
514	608	95
619	629	11
614	615	2
473	638	166
331	591	261
629	630	2
487	524	38
372	632	261
467	635	169
348	361	14
331	561	231
496	518	23
485	631	147
500	538	39
489	588	100
354	474	121
373	637	265
370	370	1
501	559	59
549	559	11
371	490	120
412	446	35
354	563	210
350	501	152
570	574	5
400	455	56
483	509	27
367	531	165
521	617	97
376	586	211
364	576	213
438	607	170
426	572	147
572	583	12
393	575	183
505	570	66
533	572	40
377	501	125
367	598	232
414	576	163
403	517	115
426	459	34
362	490	129
358	465	108
419	434	16
384	631	248
376	433	58
396	526	131
361	609	249
358	630	273
385	609	225
356	630	275
472	589	118
425	573	149
425	432	8
587	606	20
434	435	2
363	431	69
351	626	276
426	438	13
461	489	29
523	622	100
437	544	108
484	636	153
389	399	11
398	603	206
442	501	60
404	472	69
403	410	8
364	585	222
430	514	85
387	627	241
426	622	197
549	616	68
381	523	143
493	524	32
394	509	116
388	388	1
379	391	13
399	605	207
495	596	102
628	629	2
588	619	32
551	553	3
606	615	10
463	559	97
494	525	32
479	542	64
453	469	17
364	620	257
474	572	99
490	587	98
362	378	17
475	612	138
342	637	296
459	634	176
550	629	80
498	555	58
362	604	243
495	518	24
490	637	148
353	367	15
595	598	4
434	491	58
395	565	171
591	606	16
393	569	177
393	423	31
374	538	165
423	632	210
395	433	39
424	434	11
388	472	85
585	586	2
572	573	2
502	528	27
572	572	1
574	582	9
515	586	72
573	584	12
492	539	48
533	533	1
615	616	2
572	578	7
502	549	48
491	627	137
528	556	29
580	585	6
593	634	42
493	634	142
545	579	35
573	595	23
608	609	2
375	607	233
455	505	51
403	634	232
505	541	37
485	570	86
473	634	162
425	622	198
397	525	129
378	636	259
372	502	131
461	616	156
590	620	31
461	587	127
374	592	219
369	536	168
380	395	16
467	574	108
398	622	225
525	529	5
464	631	168
427	515	89
529	595	67
459	614	156
451	567	117
370	384	15
434	458	25
404	622	219
398	617	220
549	553	5
